      0/49     3.82G    0.1157   0.05237   0.02649    0.1946       279       512  0.001828  0.003597 0.0001476 2.115e-05    0.1027   0.02148   0.02313
      1/49     3.83G    0.1069   0.05978   0.02313    0.1899       224       512  0.002101   0.07855 0.0004807 8.738e-05    0.0973   0.02181   0.01939
      2/49     3.83G     0.102    0.0623   0.02064    0.1849       341       512   0.06245   0.04317   0.01328  0.002136   0.08907   0.02244   0.01637
      3/49     3.83G   0.09522   0.06129   0.01892    0.1754       224       512   0.06218    0.2602   0.05354   0.01001   0.08136   0.02202   0.01404
      4/49     3.83G   0.08968   0.05985    0.0175     0.167       340       512    0.1115     0.367   0.09398   0.01688   0.07366   0.02078   0.01227
      5/49     3.83G   0.08269   0.05796   0.01718    0.1578       309       512    0.6508    0.2212    0.1593    0.0326   0.06756   0.01959    0.0111
      6/49     3.83G   0.07657   0.05265   0.01549    0.1447       272       512      0.68      0.25    0.2365   0.06107   0.06265   0.01764   0.01001
      7/49     3.83G   0.07169   0.04863   0.01515    0.1355       208       512    0.7863    0.2819    0.3052   0.08821   0.05493   0.01662  0.009329
      8/49     3.83G    0.0672   0.04744    0.0144     0.129       280       512    0.8029    0.3237    0.3442    0.1095   0.05302   0.01546  0.008884
      9/49     3.83G   0.06507   0.04469   0.01388    0.1236       278       512    0.5809    0.4509    0.3752    0.1343   0.05209    0.0145  0.008775
     10/49     3.83G   0.06339    0.0451   0.01334    0.1218       179       512    0.6653    0.4518     0.431    0.1374   0.05127   0.01365   0.00881
     11/49     3.83G   0.06222   0.04339   0.01307    0.1187       277       512    0.6515    0.4789    0.4916    0.2041   0.04924   0.01328  0.008376
     12/49     3.83G   0.06009   0.04245   0.01184    0.1144       234       512    0.5545    0.5337    0.5155    0.1751   0.05018   0.01267  0.008448
     13/49     3.83G   0.05809   0.04163   0.01072    0.1104       264       512     0.471    0.6435    0.5478    0.2167   0.04893   0.01231   0.00831
     14/49     3.83G    0.0581   0.04234  0.008881    0.1093       324       512    0.5574    0.6556    0.6072    0.2568   0.04724   0.01202  0.007866
     15/49     3.83G   0.05715   0.04096  0.007942     0.106       233       512     0.557      0.73    0.6554    0.2795   0.04609   0.01163  0.006607
     16/49     3.83G    0.0551   0.03856  0.006941    0.1006       233       512      0.66    0.6892    0.6807    0.2876   0.04515   0.01145  0.006962
     17/49     3.83G   0.05463   0.04087  0.006631    0.1021       339       512    0.7273    0.7521    0.7346    0.3123   0.04467   0.01112  0.005671
     18/49     3.83G   0.05429   0.03967  0.006284    0.1002       271       512    0.5829    0.7636    0.6906    0.2686   0.04601   0.01105  0.006027
     19/49     3.83G   0.05287   0.03884  0.005627   0.09734       297       512    0.5786    0.6867    0.6497    0.2412    0.0496   0.01071  0.005204
     20/49     3.83G   0.05236   0.04114  0.005401    0.0989       233       512    0.7676    0.7002    0.7528    0.3411   0.04244   0.01074  0.004329
     21/49     3.83G   0.04998     0.039  0.005145   0.09412       223       512    0.7936    0.6559    0.7179    0.3199   0.04498   0.01049    0.0047
     22/49     3.83G   0.04859   0.03798  0.004592   0.09116       192       512      0.77     0.688    0.7183    0.3085   0.04451   0.01022  0.003773
     23/49     3.83G   0.04827    0.0383  0.004724   0.09129       228       512    0.7127    0.7784    0.7521    0.3657   0.03987   0.01027   0.00414
     24/49     3.83G    0.0475   0.03798  0.004464   0.08994       212       512    0.7189    0.7618    0.7498    0.3647    0.0412   0.01008  0.003277
     25/49     3.83G    0.0456   0.03767  0.004438    0.0877       221       512    0.7905    0.7526    0.7655    0.3815   0.03852  0.009963  0.003369
     26/49     3.83G   0.04431   0.03714  0.003981   0.08543       250       512    0.7922    0.7204    0.7752    0.3895   0.03956  0.009842  0.002839
     27/49     3.83G   0.04474   0.03806  0.004001   0.08681       280       512    0.7929    0.7569    0.7866    0.4135   0.03905  0.009706  0.003149
     28/49     4.85G   0.04497    0.0371  0.003885   0.08595       279       512    0.8137    0.7503    0.7882    0.4054   0.03808   0.01005  0.002923
     29/49     4.85G    0.0425   0.03659  0.003766   0.08285       204       512    0.8021    0.7527    0.8077    0.4038   0.03959  0.009672  0.002579
     30/49     4.85G   0.04325   0.03775  0.003916   0.08491       183       512     0.822    0.7789       0.8    0.4005   0.03986   0.00959   0.00253
     31/49     4.85G   0.04264   0.03706  0.003579   0.08327       213       512    0.8287    0.7816    0.8303     0.398   0.03805  0.009581  0.002627
     32/49     4.85G   0.04219   0.03528  0.003533     0.081       235       512     0.805     0.778    0.8166    0.3995   0.03998  0.009506   0.00274
     33/49     4.85G   0.04104   0.03707   0.00345   0.08157       220       512    0.8238     0.748    0.8091    0.4099   0.03755   0.00936  0.002359
     34/49     4.85G   0.04061   0.03498  0.003265   0.07886       240       512    0.8914    0.6979    0.8131    0.3988     0.038   0.00948  0.002455
     35/49     4.85G   0.04163   0.03679  0.003159   0.08157       247       512    0.8163    0.7869    0.8409    0.3923   0.04037  0.009443  0.002786
     36/49     4.85G   0.04102   0.03644  0.003317   0.08078       344       512    0.8431    0.7515    0.8126     0.418   0.03698  0.009394  0.002547
     37/49     4.85G   0.03701   0.03658  0.002866   0.07646       313       512    0.8075    0.7756    0.8021    0.4308   0.03491  0.009209  0.002535
     38/49     4.85G   0.03693   0.03519  0.003238   0.07536       257       512    0.8436     0.757    0.8123    0.4402   0.03512  0.009167  0.002675
     39/49     4.85G   0.03798   0.03552  0.003103    0.0766       233       512    0.8313    0.7844    0.8183    0.4317   0.03521  0.009122  0.002545
     40/49     4.85G   0.03645   0.03279  0.002764     0.072       239       512    0.8025    0.8009    0.8158    0.4391   0.03547  0.009111  0.002585
     41/49     4.85G   0.03632   0.03508  0.003043   0.07444       318       512    0.7804     0.802    0.8227    0.4393   0.03613  0.009219   0.00231
     42/49     4.85G   0.03605   0.03462  0.003261   0.07393       259       512     0.757    0.8242     0.817    0.4369   0.03608  0.009212  0.002517
     43/49     4.85G   0.03527   0.03363  0.002555   0.07146       219       512    0.7814    0.8037    0.8284    0.4343   0.03711  0.009087  0.002252
     44/49     4.85G   0.03571   0.03354  0.002567   0.07181       235       512    0.7664    0.8494    0.8434    0.4492   0.03552  0.009156  0.002217
     45/49     4.85G    0.0346   0.03484  0.002445   0.07189       259       512    0.8069     0.814    0.8284    0.4413    0.0347  0.009066  0.002605
     46/49     4.85G   0.03573   0.03307  0.002609   0.07141       250       512    0.8182    0.8161    0.8444    0.4356   0.03526  0.008986  0.002268
     47/49     4.85G   0.03544   0.03559  0.002837   0.07386       282       512    0.8357    0.8148    0.8552    0.4538   0.03501  0.008951  0.001999
     48/49     4.85G    0.0348   0.03462  0.002254   0.07167       227       512    0.8086    0.8066    0.8435    0.4474   0.03571   0.00898  0.002061
     49/49     4.85G   0.03583    0.0333  0.002464   0.07159       227       512    0.8491    0.7894    0.8443    0.4508    0.0337  0.008873  0.002178
